Slot  wavelnth  cal_num sourceID   flight  flt_cal sigLevel altitude FWHM_maj FWHM_min     asym    ratio  calResp    betaG  srcflux  calflux  pe_rate    f_bck   bkResp   cal/bk tempsec1      rph  detbias  eperADU  exptime  frmtime choprate chop_ang  detbias    Bkgnd    Ampl      x         y       x_FWHM    y_FWHM   Theta    Phot  PhtErr   SNR_ph   gPhot   egPht    SNR_g    File
   1     0.000    0.000    0.000    0.000    0.000    0.000    0.000    4.767    3.894    0.817    0.000    0.000  8.48e-11    0.799    0.000    0.000    0.000    0.000    0.000    0.000    0.000    0.000    0.000    0.000    0.000    0.000    0.000    0.000   -0.005   0.030   287.770  5505.306     6.207     5.070  -45.26   0.799   0.932     0.86   1.084   0.189     5.73   1.15_coadd
   2    25.200    0.000    0.000    0.000    0.000    0.000    36007 'Dichroic'    3.924    3.000    0.765    0.000    0.000    0.000    0.229    0.000    0.000   1274.0    0.000    0.000  -26.650    0.000    1.743   136.00   1330.5    3.277    4.015   200.00    1.743   -0.010   0.038   287.921  5505.032     5.109     3.906  -26.59   0.229   0.259     0.88   0.854   0.157     5.43   F0217_FO_IMA_70030015_FORF253_MOS_0001-0348_final_MATT_Corrected
   1     0.000    0.000    0.000    0.000    0.000    0.000    0.000    6.264    5.697    0.909    0.000    0.000  8.48e-11    4.043    0.000    0.000    0.000    0.000    0.000    0.000    5.059    0.000    0.000    0.000    0.000    0.000    0.000    0.000    0.000   0.053   357.288  5341.878     8.156     7.418   -4.44   4.043   2.012     2.01   3.645   0.090    40.66   1.15_coadd
   2    25.200  0.000    0.000    0.000    0.000    0.000    36007 'Dichroic'    5.310    4.780    0.900    0.000    0.000    0.000    2.679    0.000    0.000   1274.0    0.000    0.000  -26.650   11.673    1.743   136.00   1330.5    3.277    4.015   200.00    1.743   -0.003   0.054   357.212  5341.802     6.914     6.224    2.44   2.679   0.170    15.80   2.634   0.098    26.97   F0217_FO_IMA_70030015_FORF253_MOS_0001-0348_final_MATT_Corrected
   1     0.000    0.000    0.000    0.000    0.000    0.000    0.000    4.837    4.094    0.846    0.000    0.000  8.48e-11   31.362    0.000    0.000    0.000    0.000    0.000    0.000    7.756    0.000    0.000    0.000    0.000    0.000    0.000    0.000    0.031   0.701   542.015  4930.341     6.298     5.330    9.78  31.362   5.604     5.60  26.657   0.210   127.16   1.15_coadd
   2    25.200   0.000    0.000    0.000    0.000    0.000    36007 'Dichroic'    4.205    3.218    0.765    0.000    0.000    0.000   30.533    0.000    0.000   1274.0    0.000    0.000  -26.650   11.398    1.743   136.00   1330.5    3.277    4.015   200.00    1.743    0.013   0.969   542.038  4930.369     5.475     4.190    9.64  30.533   0.509    60.00  25.187   0.210   119.99   F0217_FO_IMA_70030015_FORF253_MOS_0001-0348_final_MATT_Corrected
   1     0.000    0.000    0.000    0.000    0.000    0.000    0.000    5.962    4.288    0.719    0.000    0.000  8.48e-11    8.812    0.000    0.000    0.000    0.000    0.000    0.000    0.281    0.000    0.000    0.000    0.000    0.000    0.000    0.000    0.014   0.153  1174.263  4061.585     7.762     5.584   37.44   8.812   2.969     2.97   7.513   0.090    83.33   1.15_coadd
   2    25.200 'Arches NE Cyc3'    0.000    0.000    0.000    0.000    0.000    36007 'Dichroic'    5.280    3.335    0.632    0.000    0.000    0.000    7.935    0.000    0.000   1274.0    0.000    0.000  -26.650    0.260    1.743   136.00   1330.5    3.277    4.015   200.00    1.743    0.002   0.207  1174.299  4061.468     6.875     4.342   37.27   7.935   0.266    29.84   7.015   0.111    63.34   F0217_FO_IMA_70030015_FORF253_MOS_0001-0348_final_MATT_Corrected
   1     0.000    0.000    0.000    0.000    0.000    0.000    0.000    5.326    4.219    0.792    0.000    0.000  8.48e-11    2.478    0.000    0.000    0.000    0.000    0.000    0.000    0.281    0.000    0.000    0.000    0.000    0.000    0.000    0.000    0.007   0.035  1189.886  4159.407     6.935     5.494   14.56   2.478   1.585     1.56   1.493   0.144    10.39   1.15_coadd
   2    25.200 'Arches NE Cyc3'    0.000    0.000    0.000    0.000    0.000    36007 'Dichroic'    4.166    3.054    0.733    0.000    0.000    0.000    1.430    0.000    0.000   1274.0    0.000    0.000  -26.650    0.180    1.743   136.00   1330.5    3.277    4.015   200.00    1.743   -0.006   0.042  1189.639  4159.274     5.425     3.977    4.01   1.430   0.222     6.43   1.035   0.134     7.72   F0217_FO_IMA_70030015_FORF253_MOS_0001-0348_final_MATT_Corrected
   1     0.000    0.000    0.000    0.000    0.000    0.000    0.000    4.183    3.731    0.892    0.000    0.000  8.48e-11    2.682    0.000    0.000    0.000    0.000    0.000    0.000    1.082    0.000    0.000    0.000    0.000    0.000    0.000    0.000    0.061   0.070   958.839  3374.482     5.446     4.858    1.37   2.682   1.640     1.64   2.104   0.062    33.92   1.15_coadd
   2    25.200 'Arches NE Cyc3'    0.000    0.000    0.000    0.000    0.000    36007 'Dichroic'    3.345    3.001    0.897    0.000    0.000    0.000    2.262    0.000    0.000   1274.0    0.000    0.000  -26.650    1.582    1.743   136.00   1330.5    3.277    4.015   200.00    1.743    0.042   0.107   958.967  3374.497     4.355     3.908   -6.61   2.262   0.172    13.14   2.062   0.075    27.65   F0217_FO_IMA_70030015_FORF253_MOS_0001-0348_final_MATT_Corrected
   1     0.000    0.000    0.000    0.000    0.000    0.000    0.000    5.099    4.900    0.961    0.000    0.000  8.48e-11   25.194    0.000    0.000    0.000    0.000    0.000    0.000    9.393    0.000    0.000    0.000    0.000    0.000    0.000    0.000    0.032   0.440  1145.582  3417.076     6.639     6.380   -2.12  25.194   5.020     5.02  21.117   0.172   122.83   1.15_coadd
   2    25.200 'Arches NE Cyc3'    0.000    0.000    0.000    0.000    0.000    36007 'Dichroic'    4.452    4.204    0.944    0.000    0.000    0.000   24.107    0.000    0.000   1274.0    0.000    0.000  -26.650   10.656    1.743   136.00   1330.5    3.277    4.015   200.00    1.743    0.015   0.573  1145.646  3417.084     5.797     5.473   -4.34  24.107   0.437    55.20  20.603   0.188   109.66   F0217_FO_IMA_70030015_FORF253_MOS_0001-0348_final_MATT_Corrected
   1     0.000    0.000    0.000    0.000    0.000    0.000    0.000    4.853    3.873    0.798    0.000    0.000  8.48e-11    1.995    0.000    0.000    0.000    0.000    0.000    0.000    0.079    0.000    0.000    0.000    0.000    0.000    0.000    0.000    0.045   0.062  1796.240  3729.300     6.320     5.043   52.49   1.995   1.422     1.40   2.242   0.120    18.73   1.15_coadd
   2    25.200 'Arches NE Cyc3'    0.000    0.000    0.000    0.000    0.000    36007 'Dichroic'    4.126    3.039    0.736    0.000    0.000    0.000    0.372    0.000    0.000   1274.0    0.000    0.000  -26.650    0.015    1.743   136.00   1330.5    3.277    4.015   200.00    1.743    0.034   0.093  1796.245  3729.357     5.373     3.957   50.60   0.372   0.387     0.96   2.246   0.248     9.07   F0217_FO_IMA_70030015_FORF253_MOS_0001-0348_final_MATT_Corrected
   1     0.000    0.000    0.000    0.000    0.000    0.000    0.000    5.250    5.063    0.964    0.000    0.000  8.48e-11    3.972    0.000    0.000    0.000    0.000    0.000    0.000    1.991    0.000    0.000    0.000    0.000    0.000    0.000    0.000    0.047   0.060  2213.590  3647.240     6.836     6.593   61.80   3.972   2.026     1.96   3.041   0.316     9.62   1.15_coadd
   2    25.200 'Arches NE Cyc3'    0.000    0.000    0.000    0.000    0.000    36007 'Dichroic'    3.766    3.582    0.951    0.000    0.000    0.000    3.341    0.000    0.000   1274.0    0.000    0.000  -26.650    8.985    1.743   136.00   1330.5    3.277    4.015   200.00    1.743    0.028   0.082  2213.932  3647.411     4.904     4.664   88.11   3.341   0.362     9.24   2.128   0.206    10.32   F0217_FO_IMA_70030015_FORF253_MOS_0001-0348_final_MATT_Corrected
   1     0.000    0.000    0.000    0.000    0.000    0.000    0.000    5.042    4.740    0.940    0.000    0.000  8.48e-11    7.914    0.000    0.000    0.000    0.000    0.000    0.000    1.493    0.000    0.000    0.000    0.000    0.000    0.000    0.000    0.005   0.126  1464.236  2917.158     6.565     6.172  -65.90   7.914   2.825     2.80   5.769   0.223    25.87   1.15_coadd
   2    25.200 'Arches NE Cyc3'    0.000    0.000    0.000    0.000    0.000    36007 'Dichroic'    3.907    3.605    0.923    0.000    0.000    0.000    6.707    0.000    0.000   1274.0    0.000    0.000  -26.650    2.007    1.743   136.00   1330.5    3.277    4.015   200.00    1.743   -0.007   0.180  1464.312  2917.259     5.087     4.694  -23.75   6.707   0.349    19.21   4.863   0.191    25.48   F0217_FO_IMA_70030015_FORF253_MOS_0001-0348_final_MATT_Corrected
   1     0.000    0.000    0.000    0.000    0.000    0.000    0.000    4.670    4.548    0.974    0.000    0.000  8.48e-11    0.857    0.000    0.000    0.000    0.000    0.000    0.000    0.108    0.000    0.000    0.000    0.000    0.000    0.000    0.000    0.017   0.027  1512.550  2947.471     6.081     5.922   23.75   0.857   0.937     0.91   1.114   0.110    10.16   1.15_coadd
   2    25.200 'Arches NE Cyc3'    0.000    0.000    0.000    0.000    0.000    36007 'Dichroic'    3.891    3.559    0.915    0.000    0.000    0.000    1.451    0.000    0.000   1274.0    0.000    0.000  -26.650    0.216    1.743   136.00   1330.5    3.277    4.015   200.00    1.743    0.004   0.036  1512.645  2947.452     5.067     4.634    2.25   1.451   0.180     8.04   0.948   0.103     9.17   F0217_FO_IMA_70030015_FORF253_MOS_0001-0348_final_MATT_Corrected
   1     0.000    0.000    0.000    0.000    0.000    0.000    0.000    4.699    4.128    0.878    0.000    0.000  8.48e-11    4.395    0.000    0.000    0.000    0.000    0.000    0.000    5.131    0.000    0.000    0.000    0.000    0.000    0.000    0.000    0.045   0.078  1672.939  3147.669     6.119     5.375    1.16   4.395   2.104     2.09   2.923   0.147    19.91   1.15_coadd
   2    25.200 'Arches NE Cyc3'    0.000    0.000    0.000    0.000    0.000    36007 'Dichroic'    4.724    4.282    0.906    0.000    0.000    0.000    7.300    0.000    0.000   1274.0    0.000    0.000  -26.650    5.029    1.743   136.00   1330.5    3.277    4.015   200.00    1.743    0.027   0.109  1673.142  3147.901     6.151     5.576    6.82   7.300   0.380    19.20   4.245   0.245    17.30   F0217_FO_IMA_70030015_FORF253_MOS_0001-0348_final_MATT_Corrected
   1     0.000    0.000    0.000    0.000    0.000    0.000    0.000    4.623    4.123    0.892    0.000    0.000  8.48e-11    1.532    0.000    0.000    0.000    0.000    0.000    0.000    0.349    0.000    0.000    0.000    0.000    0.000    0.000    0.000    0.038   0.041  1896.128  2827.975     6.019     5.368  -88.33   1.532   1.245     1.23   1.502   0.101    14.93   1.15_coadd
   2    25.200 'Arches NE Cyc3'    0.000    0.000    0.000    0.000    0.000    36007 'Dichroic'    4.877    3.328    0.682    0.000    0.000    0.000    1.974    0.000    0.000   1274.0    0.000    0.000  -26.650    1.000    1.743   136.00   1330.5    3.277    4.015   200.00    1.743    0.014   0.063  1896.395  2828.025     6.351     4.334   28.93   1.974   0.195    10.13   1.957   0.118    16.57   F0217_FO_IMA_70030015_FORF253_MOS_0001-0348_final_MATT_Corrected
   1     0.000    0.000    0.000    0.000    0.000    0.000    0.000    4.452    3.672    0.825    0.000    0.000  8.48e-11    1.949    0.000    0.000    0.000    0.000    0.000    0.000    1.272    0.000    0.000    0.000    0.000    0.000    0.000    0.000    0.050   0.044  1954.863  2444.175     5.797     4.781  -73.25   1.949   1.422     1.37   1.378   0.193     7.16   1.15_coadd
   2    25.200 'Arches NE Cyc3'    0.000    0.000    0.000    0.000    0.000    36007 'Dichroic'    3.802    2.945    0.775    0.000    0.000    0.000    2.110    0.000    0.000   1274.0    0.000    0.000  -26.650    1.069    1.743   136.00   1330.5    3.277    4.015   200.00    1.743    0.027   0.062  1954.904  2444.038     4.951     3.835  -71.78   2.110   0.306     6.89   1.335   0.171     7.82   F0217_FO_IMA_70030015_FORF253_MOS_0001-0348_final_MATT_Corrected
   1     0.000    0.000    0.000    0.000    0.000    0.000    0.000    6.311    5.476    0.868    0.000    0.000  8.48e-11    4.579    0.000    0.000    0.000    0.000    0.000    0.000    2.349    0.000    0.000    0.000    0.000    0.000    0.000    0.000   -0.001   0.067  2739.730  1789.552     8.217     7.130  -89.54   4.579   2.143     2.14   4.458   0.120    37.05   1.15_coadd
   2    25.200 'Arches NE Cyc3'    0.000    0.000    0.000    0.000    0.000    36007 'Dichroic'    4.952    4.109    0.830    0.000    0.000    0.000    3.486    0.000    0.000   1274.0    0.000    0.000  -26.650    1.652    1.743   136.00   1330.5    3.277    4.015   200.00    1.743   -0.005   0.077  2739.966  1789.060     6.448     5.351   88.60   3.486   0.201    17.32   3.023   0.106    28.53   F0217_FO_IMA_70030015_FORF253_MOS_0001-0348_final_MATT_Corrected
   1     0.000    0.000    0.000    0.000    0.000    0.000    0.000    5.294    4.472    0.845    0.000    0.000  8.48e-11    1.622    0.000    0.000    0.000    0.000    0.000    0.000    0.354    0.000    0.000    0.000    0.000    0.000    0.000    0.000    0.005   0.031  2769.800  1864.958     6.893     5.823   -9.23   1.622   1.277     1.27   1.430   0.078    18.31   1.15_coadd
   2    25.200 'Arches NE Cyc3'    0.000    0.000    0.000    0.000    0.000    36007 'Dichroic'    3.650    2.958    0.810    0.000    0.000    0.000    0.782    0.000    0.000   1274.0    0.000    0.000  -26.650    0.224    1.743   136.00   1330.5    3.277    4.015   200.00    1.743   -0.002   0.037  2770.444  1864.738     4.752     3.852   18.23   0.782   0.140     5.58   0.773   0.074    10.44   F0217_FO_IMA_70030015_FORF253_MOS_0001-0348_final_MATT_Corrected
   1     0.000    0.000    0.000    0.000    0.000    0.000    0.000    6.878    4.924    0.716    0.000    0.000  8.48e-11    1.527    0.000    0.000    0.000    0.000    0.000    0.000    0.941    0.000    0.000    0.000    0.000    0.000    0.000    0.000    0.008   0.027  2614.699  1899.474     8.956     6.412   -7.41   1.527   1.240     1.23   1.727   0.106    16.30   1.15_coadd
   2    25.200 'Arches NE Cyc3'    0.000    0.000    0.000    0.000    0.000    36007 'Dichroic'    5.341    3.819    0.715    0.000    0.000    0.000    1.018    0.000    0.000   1274.0    0.000    0.000  -26.650    1.301    1.743   136.00   1330.5    3.277    4.015   200.00    1.743    0.001   0.030  2614.878  1899.376     6.955     4.972   -2.38   1.018   0.161     6.34   1.186   0.118    10.03   F0217_FO_IMA_70030015_FORF253_MOS_0001-0348_final_MATT_Corrected
   1     0.000    0.000    0.000    0.000    0.000    0.000    0.000    3.865    3.257    0.843    0.000    0.000  8.48e-11   11.951    0.000    0.000    0.000    0.000    0.000    0.000   19.037    0.000    0.000    0.000    0.000    0.000    0.000    0.000    0.036   0.108  2765.605  1295.964     5.033     4.242   78.72  11.951   3.698     3.23   2.616   0.788     3.32   1.15_coadd
   2    25.200 'Arches NE Cyc3'    0.000    0.000    0.000    0.000    0.000    36007 'Dichroic'    2.855    2.432    0.852    0.000    0.000    0.000    7.942    0.000    0.000   1274.0    0.000    0.000  -26.650    7.804    1.743   136.00   1330.5    3.277    4.015   200.00    1.743    0.026   0.173  2765.659  1295.751     3.718     3.167   61.21   7.942   1.388     5.72   2.311   0.640     3.61   F0217_FO_IMA_70030015_FORF253_MOS_0001-0348_final_MATT_Corrected
   1     0.000    0.000    0.000    0.000    0.000    0.000    0.000    5.163    4.814    0.932    0.000    0.000  8.48e-11   11.366    0.000    0.000    0.000    0.000    0.000    0.000    1.468    0.000    0.000    0.000    0.000    0.000    0.000    0.000    0.017   0.130  3114.735   297.392     6.723     6.268  -33.18  11.366   3.385     3.36   6.210   0.272    22.80   1.15_coadd
   2    25.200 'Arches NE Cyc3'    0.000    0.000    0.000    0.000    0.000    36007 'Dichroic'    3.831    3.491    0.911    0.000    0.000    0.000    8.536    0.000    0.000   1274.0    0.000    0.000  -26.650    1.075    1.743   136.00   1330.5    3.277    4.015   200.00    1.743    0.004   0.197  3115.033   297.528     4.988     4.545   15.09   8.536   0.328    26.02   5.060   0.153    33.01   F0217_FO_IMA_70030015_FORF253_MOS_0001-0348_final_MATT_Corrected
   1     0.000    0.000    0.000    0.000    0.000    0.000    0.000    4.590    3.963    0.863    0.000    0.000  8.48e-11    6.269    0.000    0.000    0.000    0.000    0.000    0.000    0.552    0.000    0.000    0.000    0.000    0.000    0.000    0.000    0.036   0.395  3083.042   373.039     5.976     5.160  -88.24   6.269   2.596     2.42  13.796   0.514    26.83   1.15_coadd
   2    25.200 'Arches NE Cyc3'    0.000    0.000    0.000    0.000    0.000    36007 'Dichroic'    4.053    3.287    0.811    0.000    0.000    0.000    6.940    0.000    0.000   1274.0    0.000    0.000  -26.650    0.813    1.743   136.00   1330.5    3.277    4.015   200.00    1.743    0.023   0.539  3083.142   373.020     5.277     4.280   89.96   6.940   0.769     9.02  13.802   0.492    28.03   F0217_FO_IMA_70030015_FORF253_MOS_0001-0348_final_MATT_Corrected
